19
272
128
456
210
433
386
342
407
304
481
451
465
265
369
116
348
56
276
353
18
Bad boy! I’ll hit you.

10
450
2
44
446
449
164
27
236
45
473
9
Bad boy! I’ll hit you.

7
77
287
331
496
475
382
335
4
Bad boy! I’ll hit you.

10
158
492
195
428
231
320
87
288
381
398
8
Bad boy! I’ll hit you.

12
274
476
424
83
427
128
331
99
352
135
398
345
2
Bad boy! I’ll hit you.

17
128
372
168
475
467
257
224
457
379
392
129
194
54
315
282
195
166
17
Bad boy! I’ll hit you.

8
425
335
154
215
392
292
444
377
4
Bad boy! I’ll hit you.

15
119
426
48
460
194
405
462
259
186
354
285
163
30
376
176
9
Bad boy! I’ll hit you.

5
45
106
20
209
345
3
Bad boy! I’ll hit you.

5
277
494
364
80
367
5
You’re a coastal aircraft, Robbie, a large silver aircraft.

16
472
7
192
95
136
439
207
21
421
413
402
374
73
317
54
188
5
Bad boy! I’ll hit you.

8
276
23
301
453
218
472
11
22
3
You’re a coastal aircraft, Robbie, a large silver aircraft.

4
288
285
193
198
1

10
478
56
32
56
467
305
411
382
463
318
3

18
119
405
401
267
276
192
376
13
273
460
434
178
172
382
192
328
126
391
5

15
18
89
301
261
355
39
351
317
138
483
329
91
87
410
333
9
5
189
429
219
193
26
1
9
63
437
423
270
68
30
270
145
451
4
11
63
175
61
47
226
399
320
314
344
183
314
9
2
492
485
1
11
174
55
135
118
491
29
406
209
386
370
99
2
14
348
394
213
64
494
77
479
423
50
167
51
73
147
475
1
12
452
247
393
85
125
29
477
256
351
118
283
118
4
16
156
41
60
183
203
411
262
391
355
102
120
347
91
238
309
43
5
16
484
193
216
402
401
123
480
26
347
289
133
80
44
148
237
110
12
18
280
295
109
111
454
1
393
289
438
344
79
462
89
149
334
140
413
95
2
11
486
456
426
237
34
200
273
396
254
142
57
10
16
275
241
244
161
492
333
175
385
34
101
231
26
356
329
398
278
13
5
411
312
82
9
243
2
14
335
293
419
417
179
396
35
33
360
291
299
302
170
152
7
7
311
194
15
345
346
324
427
5
6
434
151
185
435
16
308
6
11
188
320
80
209
405
412
381
465
13
282
329
5
9
192
358
187
378
464
260
362
384
204
7
2
461
422
1
8
311
301
415
315
146
57
124
495
1
4
475
119
34
251
1
15
424
59
482
17
275
371
423
455
127
237
210
467
287
169
45
7
16
36
470
389
295
1
167
90
256
59
448
315
175
269
46
1
231
15
10
147
231
444
422
285
321
422
316
388
54
10
2
10
370
1
13
400
309
381
413
280
117
29
226
65
142
452
337
323
7
13
152
449
150
393
190
216
22
346
495
490
4
201
269
10
7
289
366
389
216
200
46
269
2
13
172
3
416
367
2
152
194
446
460
289
356
224
390
2
3
180
150
350
2
16
122
353
454
43
60
211
12
320
276
49
417
298
57
435
163
495
11
11
370
1
317
346
87
456
26
317
234
109
409
6
9
47
51
445
35
488
437
389
106
442
1
4
440
294
445
64
1
8
436
307
229
188
18
137
379
101
3
6
383
416
2
72
219
476
4
10
31
432
250
117
346
64
289
439
28
400
4
6
136
299
169
426
370
109
5
14
326
496
40
325
456
97
351
100
147
430
417
92
99
265
7
15
159
192
120
269
499
296
214
390
353
384
167
25
421
438
159
10
8
462
101
446
431
130
226
298
273
5
15
220
105
465
132
277
433
12
287
170
403
410
18
24
340
166
8
14
67
76
340
1
114
220
69
136
196
420
244
198
10
18
6
5
120
98
487
62
446
2
5
328
203
380
454
302
3
6
280
273
404
374
485
17
6
5
401
13
485
475
243
5
10
268
368
460
318
101
50
150
63
78
396
5
11
469
340
218
409
199
491
196
404
68
15
183
2
10
24
363
61
198
66
338
160
130
214
346
10
8
254
217
72
55
151
228
424
285
3
10
483
152
449
205
276
288
445
278
387
294
6
3
182
326
187
2
4
441
83
351
251
4
11
15
36
104
10
239
165
206
373
370
127
459
8
12
458
103
13
298
246
76
470
176
470
496
294
470
1
10
490
182
260
493
18
303
484
471
445
85
6
8
54
2
354
367
208
109
450
73
5
4
398
6
26
125
3
19
424
450
261
7
179
397
308
188
452
484
83
458
113
133
294
302
157
298
244
10
2
115
184
1
16
473
248
270
210
217
159
318
308
373
223
453
316
272
150
413
214
9
4
457
237
42
23
4
8
139
421
364
106
33
298
85
158
6
11
164
126
51
167
51
92
153
397
300
138
258
4
5
416
466
330
445
214
2
7
235
495
393
425
446
410
160
5
12
358
366
242
148
42
378
34
204
334
119
466
492
4
13
23
318
57
22
473
399
427
375
336
164
466
185
448
13
10
493
97
325
131
164
156
72
267
102
148
7
13
4
33
279
402
122
410
136
128
105
444
351
158
37
8
16
109
16
426
61
371
110
6
181
114
171
241
72
210
55
241
140
7
15
256
39
198
208
477
294
416
232
69
410
139
206
18
365
253
2
13
294
469
446
21
5
38
33
489
399
493
166
420
53
5
16
330
360
267
131
243
338
9
141
95
354
462
356
22
325
312
464
1
15
140
389
232
249
385
449
484
208
13
430
387
158
424
210
197
15
12
448
393
54
91
100
437
158
179
175
117
474
199
6
11
129
485
486
483
103
272
224
392
333
21
283
1
5
452
103
58
81
70
4
16
448
374
58
304
430
35
66
349
201
149
280
336
62
495
159
198
2
8
104
492
158
493
42
173
166
178
1
3
117
437
174
1
15
199
34
126
487
44
472
500
281
150
198
415
373
385
50
281
8
12
305
1
411
168
419
390
120
190
18
45
173
401
9